wl = (380:780)';
spdled = [2.14E-05	1.18E-05	1.15E-05	1.17E-05	1.20E-05	1.29E-05	1.52E-05	1.55E-05	1.37E-05
8.76E-06	9.42E-06	1.00E-05	1.16E-05	1.34E-05	1.08E-05	1.48E-05	1.40E-05	1.20E-05
1.26E-05	1.29E-05	1.17E-05	1.44E-05	1.32E-05	1.21E-05	1.69E-05	1.80E-05	1.62E-05
3.85E-07	1.50E-05	7.25E-06	1.02E-05	9.80E-06	1.01E-05	6.64E-06	8.51E-06	7.77E-06
9.20E-06	7.77E-06	6.31E-06	9.90E-06	8.09E-06	1.28E-05	1.55E-05	1.07E-05	1.31E-05
7.82E-06	7.06E-06	1.11E-05	8.88E-06	1.02E-05	7.37E-06	1.10E-05	1.55E-05	1.22E-05
9.40E-06	1.12E-05	1.00E-05	1.22E-05	1.18E-05	9.74E-06	1.12E-05	1.36E-05	1.03E-05
9.11E-06	9.45E-06	6.85E-06	1.01E-05	1.16E-05	1.06E-05	1.39E-05	1.20E-05	1.10E-05
1.27E-05	9.42E-06	1.02E-05	8.45E-06	1.34E-05	9.25E-06	1.21E-05	7.78E-06	9.94E-06
1.27E-05	6.84E-06	1.06E-05	1.24E-05	9.28E-06	9.23E-06	1.79E-05	1.69E-05	8.32E-06
9.39E-06	5.11E-06	7.97E-06	1.35E-05	7.42E-06	5.22E-06	1.22E-05	1.57E-05	1.01E-05
8.62E-06	1.10E-05	9.44E-06	1.09E-05	1.00E-05	6.56E-06	1.38E-05	1.27E-05	1.08E-05
1.23E-05	1.04E-05	5.39E-06	1.12E-05	1.13E-05	1.04E-05	1.33E-05	1.26E-05	8.17E-06
6.24E-06	9.96E-06	7.62E-06	1.12E-05	1.39E-05	1.16E-05	1.17E-05	1.38E-05	1.61E-05
9.94E-06	8.24E-06	7.09E-06	1.06E-05	1.15E-05	1.07E-05	1.34E-05	1.45E-05	1.07E-05
6.36E-06	5.80E-06	7.17E-06	9.29E-06	5.34E-06	5.17E-06	1.36E-05	1.02E-05	1.10E-05
3.42E-06	8.65E-06	6.58E-06	1.12E-05	9.70E-06	5.33E-06	1.12E-05	9.29E-06	1.00E-05
1.19E-05	1.08E-05	1.25E-05	1.20E-05	1.19E-05	1.16E-05	1.56E-05	1.77E-05	1.12E-05
1.38E-05	9.86E-06	8.13E-06	1.17E-05	1.08E-05	9.39E-06	1.53E-05	1.40E-05	1.18E-05
1.13E-05	1.07E-05	1.02E-05	1.09E-05	1.34E-05	9.31E-06	1.62E-05	1.08E-05	1.11E-05
1.07E-05	9.12E-06	2.35E-06	1.41E-05	1.49E-05	7.38E-06	1.38E-05	1.25E-05	1.01E-05
1.19E-05	1.03E-05	6.93E-06	1.93E-05	1.60E-05	1.20E-05	1.96E-05	1.76E-05	1.34E-05
2.19E-05	1.73E-05	7.94E-06	2.01E-05	2.44E-05	1.28E-05	2.92E-05	2.28E-05	1.26E-05
2.26E-05	2.16E-05	1.03E-05	2.66E-05	2.84E-05	1.44E-05	3.12E-05	2.59E-05	1.73E-05
2.39E-05	2.11E-05	1.18E-05	3.11E-05	3.29E-05	1.52E-05	3.67E-05	3.03E-05	2.06E-05
2.69E-05	2.46E-05	1.29E-05	3.83E-05	3.81E-05	1.65E-05	4.32E-05	3.45E-05	2.14E-05
3.75E-05	3.34E-05	1.29E-05	5.11E-05	4.79E-05	2.15E-05	5.51E-05	4.37E-05	2.46E-05
4.27E-05	3.70E-05	1.63E-05	6.01E-05	5.42E-05	2.29E-05	6.63E-05	5.57E-05	2.82E-05
5.14E-05	4.21E-05	1.99E-05	7.18E-05	6.74E-05	2.95E-05	8.08E-05	6.65E-05	3.65E-05
7.16E-05	5.63E-05	2.23E-05	9.41E-05	8.21E-05	3.72E-05	0.000102067	8.01E-05	4.38E-05
8.65E-05	7.11E-05	2.63E-05	0.000112744	9.83E-05	4.18E-05	0.000124523	0.000103632	5.53E-05
0.000102976	8.59E-05	3.40E-05	0.000137919	0.000124851	5.09E-05	0.000152195	0.000121537	6.41E-05
0.000125406	9.96E-05	4.10E-05	0.000169663	0.000149428	6.08E-05	0.000185189	0.000148665	7.66E-05
0.000148856	0.000124288	5.16E-05	0.000210163	0.00017892	7.98E-05	0.000227761	0.00018556	9.93E-05
0.000188619	0.000152894	6.46E-05	0.000256136	0.000218243	9.89E-05	0.000280976	0.000225711	0.000126353
0.000227363	0.000179527	7.80E-05	0.000306487	0.000262482	0.000115763	0.000338448	0.000270202	0.000144566
0.000272223	0.000209119	9.25E-05	0.000359028	0.000308686	0.00013585	0.000396985	0.000320119	0.000173024
0.00032728	0.000252521	0.000113358	0.000442217	0.000368654	0.000171844	0.000489579	0.000388483	0.000214004
0.000388453	0.000291978	0.000138857	0.00053088	0.00043452	0.000205517	0.000572595	0.000459018	0.000260675
0.000453705	0.000344258	0.000161579	0.000612975	0.0005112	0.000244994	0.000673704	0.000532808	0.000316452
0.000532212	0.000399497	0.0001944	0.000715867	0.000589846	0.000287955	0.000780134	0.000627216	0.000364262
0.000627031	0.000467559	0.000237319	0.000848313	0.000693069	0.000347172	0.000921686	0.000741157	0.000438252
0.000728987	0.000543513	0.000281501	0.000979665	0.000797276	0.000409872	0.001085589	0.000862693	0.000528179
0.000832983	0.000616507	0.000326945	0.001127435	0.000915245	0.000477216	0.001234591	0.000992911	0.000613553
0.000957369	0.000702325	0.000382488	0.001280679	0.001032231	0.000557333	0.00140488	0.001128555	0.00071714
0.001101128	0.000812803	0.000455703	0.001488653	0.001189523	0.000654866	0.001617741	0.00131303	0.000846908
0.001254062	0.000916376	0.000536493	0.00168568	0.001356647	0.00076285	0.001841244	0.001497505	0.000989198
0.001417192	0.001045596	0.000614758	0.001915546	0.00152377	0.000875477	0.002096677	0.001692832	0.001136041
0.001580322	0.001154101	0.000703121	0.002134465	0.001710554	0.001000877	0.002341467	0.00189901	0.001297682
0.001784235	0.001311927	0.000823043	0.002408114	0.00190717	0.001157627	0.002639471	0.002159446	0.00150258
0.001998343	0.001450025	0.000944228	0.002681764	0.002133278	0.001312055	0.002958762	0.00240903	0.00171886
0.002202256	0.00160785	0.001076773	0.002966359	0.002349555	0.001486221	0.00326741	0.002680317	0.00193514
0.002436755	0.001785404	0.00121563	0.003283792	0.002595324	0.001671999	0.00361863	0.002973307	0.00218557
0.00268145	0.001953094	0.001375947	0.003612172	0.002860755	0.001869388	0.003991136	0.003298852	0.002458767
0.002977123	0.002170105	0.001577921	0.004028119	0.003165509	0.002124832	0.00445943	0.003667802	0.002811645
0.003272797	0.002377251	0.001779894	0.00443312	0.003470263	0.002368665	0.004874508	0.004058456	0.00315314
0.00356847	0.002604126	0.001994492	0.004827175	0.003775017	0.002635721	0.005321515	0.004449109	0.003494636
0.003904926	0.002840865	0.002234335	0.005297852	0.004128924	0.00293761	0.005843024	0.00489402	0.00390443
0.004312751	0.003146652	0.002537296	0.005845151	0.004531986	0.003297554	0.006439033	0.005425743	0.004416673
0.004700185	0.00345244	0.002840257	0.006403395	0.004944878	0.00368072	0.007045686	0.005946615	0.004917533
0.005118205	0.003768091	0.003181088	0.007005424	0.005387263	0.004075498	0.007673625	0.006532595	0.005475309
0.005577009	0.004103471	0.003559789	0.007618399	0.005839479	0.004505109	0.008344136	0.00715113	0.006067234
0.006096986	0.0045079	0.004001606	0.008329887	0.006390002	0.005015997	0.009163649	0.007878179	0.006784374
0.006596571	0.004922192	0.004456048	0.009030429	0.006930694	0.005538497	0.00994059	0.008594377	0.007524281
0.007106353	0.005326621	0.004923112	0.009730972	0.007491048	0.006084219	0.01074946	0.009321427	0.008264188
0.007575352	0.005701457	0.005377553	0.010365838	0.008002249	0.006595108	0.011494473	0.010026773	0.008992711
0.008013764	0.006086158	0.005869864	0.010945975	0.008552772	0.007152441	0.012239485	0.010742972	0.009766767
0.008370611	0.006421538	0.006299059	0.011383814	0.009014818	0.007628496	0.012878067	0.011394061	0.010472524
0.008615306	0.006678005	0.006652513	0.011712193	0.009408049	0.008046496	0.013303788	0.01182812	0.011064449
0.008707067	0.006845695	0.00690498	0.011712193	0.009653818	0.008313551	0.013623079	0.01204515	0.01149701
0.008635697	0.006904879	0.007069084	0.011602733	0.009771788	0.00851094	0.013623079	0.012153665	0.011724674
0.008411393	0.00683583	0.007081707	0.011164894	0.009732464	0.008534162	0.013516648	0.01204515	0.011724674
0.008064742	0.006687869	0.00698072	0.010683272	0.009535849	0.008441273	0.013090927	0.011719605	0.011610842
0.007616134	0.006480722	0.006778746	0.010015567	0.009240926	0.008220662	0.012452345	0.011285546	0.011314879
0.007085962	0.006174935	0.006488409	0.009249349	0.008828033	0.007907163	0.011707333	0.010623605	0.010836786
0.006382463	0.005750778	0.006071838	0.008297049	0.008228356	0.007431107	0.01074946	0.009798892	0.010131029
0.005801312	0.005405534	0.005680514	0.007487047	0.007677833	0.006989885	0.00983416	0.00905014	0.009470804
0.005240553	0.005040562	0.005301813	0.006753667	0.00712731	0.006537052	0.008961431	0.008312239	0.00881058
0.004740967	0.004695318	0.004935735	0.006096908	0.006596448	0.006107441	0.008120632	0.007639446	0.008173122
0.004292359	0.004399394	0.004620151	0.005505825	0.00611474	0.005724275	0.00737562	0.007031763	0.007603963
0.003843752	0.004083743	0.00427932	0.004947581	0.00560354	0.005329497	0.006619965	0.006402377	0.007012038
0.003527687	0.003866732	0.0040521	0.004520688	0.005229971	0.00503922	0.006045241	0.005957466	0.006579477
